0.000000000000000000e+00 5.050584774561083234e-01 2.909647139835775942e-01 0.000000000000000000e+00 0.000000000000000000e+00 0.000000000000000000e+00 1.292834896101711095e-01 0.000000000000000000e+00 0.000000000000000000e+00 3.905566112191450889e-01
5.050584774561083234e-01 0.000000000000000000e+00 3.685712127941809246e-01 4.044266770119858134e-01 1.470934860715522596e-01 0.000000000000000000e+00 0.000000000000000000e+00 0.000000000000000000e+00 0.000000000000000000e+00 0.000000000000000000e+00
2.909647139835775942e-01 3.685712127941809246e-01 0.000000000000000000e+00 7.497152248508125449e-01 1.713142714147367351e-01 1.655947309257485567e-01 1.661255881715374416e-01 3.127312913395497995e-01 0.000000000000000000e+00 0.000000000000000000e+00
0.000000000000000000e+00 4.044266770119858134e-01 7.497152248508125449e-01 0.000000000000000000e+00 0.000000000000000000e+00 0.000000000000000000e+00 0.000000000000000000e+00 0.000000000000000000e+00 2.816207991555336743e-01 0.000000000000000000e+00
0.000000000000000000e+00 1.470934860715522596e-01 1.713142714147367351e-01 0.000000000000000000e+00 0.000000000000000000e+00 0.000000000000000000e+00 0.000000000000000000e+00 1.713142714147367351e-01 5.384072164278010941e-01 0.000000000000000000e+00
0.000000000000000000e+00 0.000000000000000000e+00 1.655947309257485567e-01 0.000000000000000000e+00 0.000000000000000000e+00 0.000000000000000000e+00 0.000000000000000000e+00 0.000000000000000000e+00 0.000000000000000000e+00 0.000000000000000000e+00
1.292834896101711095e-01 0.000000000000000000e+00 1.661255881715374416e-01 0.000000000000000000e+00 0.000000000000000000e+00 0.000000000000000000e+00 0.000000000000000000e+00 0.000000000000000000e+00 0.000000000000000000e+00 4.744077612580114844e-01
0.000000000000000000e+00 0.000000000000000000e+00 3.127312913395497995e-01 0.000000000000000000e+00 1.713142714147367351e-01 0.000000000000000000e+00 0.000000000000000000e+00 0.000000000000000000e+00 0.000000000000000000e+00 0.000000000000000000e+00
0.000000000000000000e+00 0.000000000000000000e+00 0.000000000000000000e+00 2.816207991555336743e-01 5.384072164278010941e-01 0.000000000000000000e+00 0.000000000000000000e+00 0.000000000000000000e+00 0.000000000000000000e+00 0.000000000000000000e+00
3.905566112191450889e-01 0.000000000000000000e+00 0.000000000000000000e+00 0.000000000000000000e+00 0.000000000000000000e+00 0.000000000000000000e+00 4.744077612580114844e-01 0.000000000000000000e+00 0.000000000000000000e+00 0.000000000000000000e+00
